Frame	1
Frame	2
Frame	3
1	161	500	239	523
3	240	617	327	650
2	217	274	304	309
Frame	4
1	161	497	239	519
3	241	614	327	646
2	214	287	304	312
Frame	5
1	163	494	241	518
3	242	604	327	637
2	213	292	304	317
Frame	6
1	164	491	242	515
3	240	597	327	623
2	213	295	304	323
Frame	7
1	164	488	243	511
3	238	588	329	615
2	213	299	303	327
Frame	8
1	164	484	243	508
3	238	581	329	605
2	212	301	302	333
Frame	9
1	164	484	243	508
3	240	571	329	601
2	209	309	298	337
4	372	751	412	769
Frame	10
1	168	475	248	498
3	238	554	328	578
2	208	321	297	346
4	317	747	412	769
Frame	11
1	168	471	249	495
3	237	545	328	570
2	208	324	297	354
4	298	750	411	769
Frame	12
1	168	471	249	495
3	238	537	328	563
2	205	322	294	360
4	295	744	410	769
Frame	13
1	170	452	250	480
3	238	519	326	545
2	202	339	289	363
4	294	720	410	769
Frame	14
1	172	454	250	478
3	236	513	327	535
2	201	335	289	371
4	291	714	409	769
Frame	15
1	172	450	251	473
3	235	501	326	526
2	201	339	289	376
4	287	712	405	769
Frame	16
1	172	445	251	468
3	236	493	324	523
2	199	345	287	377
4	282	711	398	769
Frame	17
1	172	433	254	459
3	236	478	322	505
2	195	359	283	382
4	277	699	393	769
Frame	18
1	173	431	253	456
3	234	468	322	501
2	195	361	281	387
4	277	695	393	769
Frame	19
1	180	431	253	455
3	232	462	321	489
2	194	364	280	390
4	275	694	391	769
Frame	20
1	175	414	204	428
3	233	448	321	476
2	193	367	279	395
4	270	679	379	757
Frame	21
1	175	410	238	427
3	231	437	320	472
2	191	369	279	397
4	267	673	379	754
Frame	22
1	174	373	256	427
3	229	433	318	461
2	202	361	277	400
4	266	667	379	752
Frame	23
1	174	373	255	426
3	229	433	317	460
2	241	432	316	455
4	262	659	377	742
Frame	24
1	184	372	265	425
3	219	402	307	429
2	243	432	315	451
4	260	656	373	732
Frame	25
1	190	373	271	426
3	218	391	306	418
2	243	432	312	445
4	257	654	368	730
Frame	26
1	197	373	278	426
3	217	380	305	407
2	243	432	312	445
4	257	651	365	728
Frame	27
1	205	373	286	426
3	216	373	304	400
2	243	432	312	445
4	257	639	365	724
Frame	28
1	214	373	295	426
3	215	373	303	400
4	251	634	362	710
Frame	29
1	220	373	301	426
3	213	373	301	400
4	249	627	357	702
Frame	30
1	215	373	296	426
3	208	373	296	400
4	248	622	356	698
Frame	31
1	215	373	296	426
3	207	373	295	400
4	247	614	355	693
Frame	32
1	214	374	295	427
3	206	374	294	401
4	245	608	355	689
Frame	33
1	212	374	293	427
3	205	374	293	401
4	243	605	353	677
Frame	34
1	206	374	287	427
3	199	374	287	401
4	241	601	348	671
Frame	35
1	204	374	285	427
3	197	374	285	401
4	241	599	344	669
Frame	36
1	180	374	284	429
3	243	433	276	448
4	239	590	343	662
Frame	37
1	179	374	281	430
3	243	432	276	448
4	239	588	342	655
Frame	38
1	179	374	265	429
3	212	432	276	452
4	235	581	337	646
Frame	39
1	179	374	265	429
3	195	441	275	457
4	234	567	336	638
6	285	759	402	769
Frame	40
1	178	374	265	429
3	194	437	274	460
4	233	562	336	637
6	281	751	393	769
Frame	41
1	178	371	265	429
3	191	441	270	462
4	231	558	336	632
6	281	745	390	769
Frame	42
1	177	383	265	426
3	189	439	267	464
4	228	556	336	624
6	278	730	401	769
Frame	43
1	176	384	260	404
3	188	439	266	470
4	226	551	325	619
7	184	410	265	427
6	273	720	391	761
Frame	44
1	176	383	260	404
3	186	440	264	472
4	226	539	324	619
7	242	412	265	429
6	270	726	391	754
Frame	45
1	177	382	260	404
3	184	444	261	474
4	224	533	324	616
7	242	412	264	429
6	269	707	390	749
Frame	46
1	178	381	261	407
3	182	444	257	474
4	222	532	321	609
7	242	410	264	429
6	268	701	390	746
Frame	47
1	178	379	261	403
3	181	443	257	474
4	221	529	316	557
7	242	412	264	429
6	264	700	382	730
8	218	569	311	599
Frame	48
1	179	379	261	402
3	179	440	256	473
4	221	524	315	553
7	242	411	264	429
6	260	693	377	724
8	218	570	309	597
Frame	49
1	179	378	261	402
3	177	438	251	470
4	221	518	315	551
7	242	412	264	429
6	258	691	375	719
8	218	566	308	594
Frame	50
1	179	378	260	401
3	176	438	250	458
4	217	500	313	542
7	242	412	263	428
6	258	680	374	712
8	215	557	305	584
Frame	51
1	180	375	261	398
3	176	431	250	461
4	215	509	310	536
7	242	412	263	428
6	255	668	370	711
8	214	549	304	581
Frame	52
1	180	374	261	397
3	176	431	249	456
4	214	498	307	534
7	242	412	263	428
6	252	662	365	701
8	212	545	303	573
Frame	53
1	180	374	261	397
3	178	431	204	446
4	213	494	306	534
7	242	412	263	428
6	251	667	364	694
8	212	539	303	570
Frame	54
1	180	374	261	397
3	178	431	203	445
4	213	487	305	532
7	242	412	263	428
6	250	645	363	684
8	210	532	302	566
Frame	55
1	180	374	261	397
3	175	414	200	428
4	211	480	303	525
7	242	412	263	428
6	248	641	362	682
8	208	529	299	561
Frame	56
1	180	374	261	397
3	172	410	197	424
4	209	484	300	518
7	242	412	263	428
6	245	640	358	674
8	208	528	299	556
Frame	57
1	180	374	261	397
3	170	405	195	419
4	208	484	299	512
7	242	412	263	428
6	240	630	351	664
8	206	524	298	549
Frame	58
1	180	374	261	397
3	170	399	195	413
4	208	482	299	510
7	242	412	263	428
6	239	621	350	660
8	206	520	295	547
Frame	59
1	180	373	261	396
3	171	393	196	407
4	207	480	299	508
7	242	412	263	428
6	239	621	350	656
8	205	516	292	543
Frame	60
1	180	372	261	395
3	169	386	194	400
4	207	480	298	507
7	242	412	263	428
6	234	616	343	652
8	205	516	291	542
Frame	61
1	180	371	261	394
3	169	378	194	392
4	201	473	292	500
7	242	412	263	428
6	232	613	339	650
8	205	502	291	528
Frame	62
1	180	370	261	393
3	170	369	195	383
4	200	468	291	495
7	242	412	263	428
6	230	609	337	648
8	203	497	289	523
Frame	63
1	180	368	261	391
3	170	359	195	373
4	199	463	290	490
7	242	412	263	428
6	229	607	337	644
8	201	491	287	517
Frame	64
1	181	378	264	402
3	182	405	266	429
4	197	458	288	485
7	168	336	239	359
6	226	605	335	638
8	199	485	285	511
Frame	65
1	181	378	264	402
3	182	406	266	429
4	194	453	285	480
7	168	330	239	355
6	223	603	329	635
8	197	479	283	505
Frame	66
1	181	377	264	402
3	182	408	266	429
4	194	448	285	475
7	170	327	239	348
6	219	602	324	633
8	195	473	281	499
Frame	67
1	180	377	262	402
3	182	409	266	429
4	194	445	285	472
7	170	321	239	342
6	218	599	322	632
8	194	467	280	493
Frame	68
1	180	377	263	401
3	181	405	266	429
4	190	445	281	472
7	168	309	239	331
6	216	594	321	626
8	192	461	278	487
Frame	69
1	180	378	261	401
3	181	410	266	429
4	192	445	281	481
7	168	305	237	327
6	213	591	316	624
8	190	478	276	510
12	66	290	80	303
Frame	70
1	180	378	261	401
3	179	410	266	429
4	192	445	280	480
7	170	299	237	323
6	210	588	311	623
8	190	478	275	509
12	52	289	80	301
Frame	71
1	180	378	262	402
3	182	410	266	429
4	187	445	275	480
7	170	294	237	313
6	209	585	309	621
8	190	474	275	505
12	52	287	81	301
Frame	72
1	180	377	262	401
3	179	410	266	429
4	184	445	272	480
7	169	282	238	304
6	208	582	309	616
8	187	473	272	504
12	52	289	82	301
Frame	73
1	180	378	261	401
3	179	409	266	429
4	184	445	272	480
7	170	280	238	302
6	205	581	307	613
8	186	472	271	503
12	52	284	82	301
Frame	74
1	180	377	262	401
3	179	409	266	429
4	183	445	271	471
7	170	275	238	299
6	202	580	302	611
8	177	479	270	505
12	52	284	82	301
Frame	75
1	180	377	261	403
3	179	408	266	429
4	183	439	266	474
7	170	269	240	291
6	199	578	296	609
8	174	483	261	506
12	52	283	83	301
Frame	76
1	180	377	261	402
3	182	408	266	429
4	182	439	266	474
7	171	267	242	288
6	198	577	296	607
8	174	482	261	506
12	52	281	83	296
Frame	77
1	180	377	260	401
3	182	408	265	428
4	181	439	265	474
7	171	266	243	287
6	197	575	295	606
8	174	481	261	506
12	51	280	84	294
Frame	78
1	181	376	262	402
3	181	409	266	430
4	178	439	263	474
7	172	264	244	285
6	193	571	288	604
8	174	478	259	503
12	52	275	84	290
Frame	79
1	180	377	262	400
3	182	409	265	430
4	176	447	258	474
7	173	263	244	285
6	191	570	285	603
8	174	479	255	502
12	52	278	85	289
Frame	80
1	180	377	262	399
3	179	410	265	430
4	176	447	257	473
7	174	264	246	286
6	190	568	285	601
8	174	479	254	501
12	53	272	86	288
Frame	81
1	180	378	262	400
3	182	409	265	430
4	173	445	254	471
7	175	266	248	286
6	190	568	285	599
8	171	476	251	498
12	53	272	86	286
Frame	82
1	180	380	262	399
3	181	410	265	430
4	172	450	253	476
7	178	268	250	290
6	186	567	280	596
8	172	475	252	497
12	53	269	86	285
Frame	83
1	179	380	264	399
3	182	408	265	429
4	170	450	253	479
7	178	271	251	292
6	183	566	276	596
8	171	482	250	507
12	53	267	87	283
Frame	84
1	178	380	261	404
3	182	409	265	430
4	167	451	251	480
7	179	272	251	294
6	182	565	274	596
8	169	484	248	508
12	53	265	87	281
Frame	85
1	179	379	261	401
3	182	411	265	430
4	166	454	247	482
7	181	276	254	301
6	180	565	273	596
8	168	487	245	510
12	53	260	87	275
Frame	86
1	179	379	261	401
3	182	410	265	430
4	166	456	245	484
7	183	279	255	304
6	178	565	272	596
8	168	487	245	511
12	54	262	88	274
Frame	87
1	179	378	260	403
3	182	410	265	430
4	165	458	244	486
7	183	282	256	307
6	175	566	268	596
8	166	487	244	511
12	55	260	89	273
Frame	88
1	179	381	261	407
3	182	411	265	430
4	165	458	243	485
7	183	282	256	307
6	173	568	263	596
8	166	487	243	510
12	55	252	89	267
Frame	89
1	179	381	260	406
3	182	411	264	429
4	159	463	237	490
7	186	293	262	315
6	173	570	263	596
8	160	486	237	509
12	56	251	89	266
Frame	90
1	179	382	264	409
3	203	410	265	431
4	160	464	238	491
7	188	296	264	319
6	172	571	262	598
8	160	486	237	509
12	57	250	90	266
18	182	410	204	431
Frame	91
1	179	382	263	408
3	203	410	264	430
4	160	466	238	493
7	188	301	264	322
6	170	572	260	600
8	160	486	237	509
12	57	247	90	263
Frame	92
1	178	380	262	406
3	203	408	264	428
4	155	472	233	499
7	188	301	265	335
6	165	573	253	604
8	156	486	233	509
12	57	243	91	256
Frame	93
1	178	386	262	412
3	201	408	262	428
4	154	474	230	500
7	188	309	267	336
6	164	574	253	606
8	158	501	232	527
12	57	241	91	256
Frame	94
1	178	388	262	414
3	199	408	260	428
4	154	478	229	502
7	189	313	268	340
6	165	576	253	607
8	158	504	232	528
12	58	238	93	254
Frame	95
1	178	388	260	416
3	242	417	264	433
4	154	478	228	501
7	189	319	268	343
6	163	578	251	607
8	158	504	231	527
12	58	236	93	252
Frame	96
1	178	387	259	415
3	240	418	264	441
4	155	485	229	508
7	195	330	273	352
6	159	583	246	608
8	156	503	229	526
12	59	232	93	248
Frame	97
1	178	387	259	414
3	240	418	264	441
4	152	488	226	511
7	195	329	275	359
6	158	585	245	609
8	153	503	226	526
12	60	230	94	247
Frame	98
1	177	386	259	413
3	240	419	263	441
4	150	490	224	513
7	195	333	276	360
6	158	586	245	611
8	151	503	224	526
12	60	229	94	246
Frame	99
1	178	382	259	410
3	240	432	261	444
4	149	494	223	517
7	195	344	276	373
6	156	588	241	616
8	149	503	222	526
12	60	225	95	238
Frame	100
1	178	382	258	410
3	238	433	260	450
4	148	496	222	519
7	199	351	277	377
6	153	591	236	618
8	148	503	221	526
12	61	223	96	238
Frame	101
1	178	382	257	409
3	180	433	260	451
4	146	499	220	522
7	199	351	276	376
6	151	592	234	621
8	146	503	219	526
12	62	221	96	237
Frame	102
1	177	380	256	407
3	179	433	260	452
4	145	502	219	525
7	200	363	277	388
6	151	593	234	623
8	145	503	218	526
12	62	219	96	232
Frame	103
1	176	378	255	405
3	186	443	260	453
4	144	507	218	530
7	201	376	278	401
6	150	599	233	626
8	144	507	217	530
12	63	214	97	229
Frame	104
1	176	380	255	407
3	180	435	261	452
4	144	511	218	534
7	202	380	279	405
6	148	603	230	627
8	144	509	217	532
12	63	212	98	229
